0,1094,524,510,923,789,637,198,700,671
1094,0,541,723,144,599,456,1292,613,602
524,541,0,136,389,208,82,722,222,126
510,723,136,0,482,155,188,708,190,121
923,144,386,482,0,455,281,1081,468,368
789,599,208,155,455,0,220,877,56,118
627,456,82,188,281,220,0,839,233,134
198,1292,722,708,1081,877,839,0,844,869
700,612,222,190,468,56,233,844,0,104
671,602,126,121,368,118,134,869,104,0